0 0.502886291015625 0.867090646484375 0.499039681640625 0.8068274404296875 0.4079897490234375 0.8254863115234375 0.4046064375 0.827564484375 0.410451978515625 0.886593748046875 0.502886291015625 0.867090646484375
0 0.3030979150390625 0.905957892578125 0.4075127958984375 0.885237673828125 0.3977743671875 0.8228156962890625 0.2988643818359375 0.841272126953125 0.3030979150390625 0.905957892578125
0 0.0172514951171875 0.5397391962890625 0.119378220703125 0.525457748046875 0.10979452734375 0.4648044052734375 0.0111270107421875 0.47789310546875 0.0172514951171875 0.5397391962890625
0 0.2565831201171875 0.4965222578125 0.2612920498046875 0.501456796875 0.3589315830078125 0.4929144443359375 0.3513921904296875 0.431192142578125 0.251940544921875 0.44345737890625 0.2565831201171875 0.4965222578125
0 0.35894186328125 0.4848927890625 0.3628668349609375 0.4890058095703125 0.4605048115234375 0.48046359375 0.4502903388671875 0.4207575029296875 0.3544540234375 0.433596544921875 0.35894186328125 0.4848927890625
0 0.352918505859375 0.40788840625 0.445216603515625 0.3953569580078125 0.4386174609375 0.3362246728515625 0.345378943359375 0.3461641591796875 0.352918505859375 0.40788840625
0 0.60038462109375 0.4495099462890625 0.6900850908203126 0.4398799990234375 0.682934177734375 0.38258012109375 0.5928467841796875 0.3877875078125 0.60038462109375 0.4495099462890625
0 0.589176119140625 0.3702849658203125 0.6788765888671875 0.3606550185546875 0.6699222890625 0.299056505859375 0.5817914619140625 0.3103312978515625 0.589176119140625 0.3702849658203125
0 0.5828194462890625 0.3057849501953125 0.670553068359375 0.2981092529296875 0.662936392578125 0.2355036064453125 0.573789419921875 0.2433029560546875 0.5828194462890625 0.3057849501953125
0 0.56994173046875 0.2400732802734375 0.575601361328125 0.2395781259765625 0.6604278857421875 0.2312666611328125 0.6547676064453125 0.1747264755859375 0.562402337890625 0.178350978515625 0.56994173046875 0.2400732802734375
0 0.7244757177734376 0.6944215791015625 0.813711810546875 0.6794837822265625 0.804834962890625 0.61877055859375 0.717644556640625 0.632637314453125 0.7244757177734376 0.6944215791015625
0 0.750142505859375 0.890016759765625 0.8360845771484375 0.8700206357421875 0.8274413037109375 0.811959255859375 0.745589220703125 0.8298153798828125 0.750142505859375 0.890016759765625