0 0.70880625 0.034623046875 0.61931875 0.0221953125 0.6186078125 0.0807890625 0.70880625 0.093216796875 0.70880625 0.034623046875
0 0.7933234375 0.193537109375 0.7095171875 0.18199609375 0.70525625 0.24058984375 0.7897734375 0.253017578125 0.7933234375 0.193537109375
0 0.3742890625 0.082564453125 0.2727265625 0.068359375 0.268465625 0.132279296875 0.370028125 0.144708984375 0.3742890625 0.082564453125
0 0.4623578125 0.3542265625 0.36505625 0.346236328125 0.3636359375 0.40660546875 0.4602265625 0.415482421875 0.4623578125 0.3542265625
0 0.45880625 0.48473046875 0.3600859375 0.479404296875 0.3586640625 0.542435546875 0.455965625 0.548650390625 0.45880625 0.48473046875
0 0.4446015625 0.87269140625 0.3480109375 0.873580078125 0.3473015625 0.93128515625 0.4446015625 0.93128515625 0.4446015625 0.87269140625
0 0.109375 0.727095703125 0.004971875 0.7253203125 0.002840625 0.786576171875 0.109375 0.78746484375 0.109375 0.727095703125
0 0.0092328125 0.591263671875 0.0078125 0.652521484375 0.11150625 0.6569609375 0.1129265625 0.596591796875 0.0092328125 0.591263671875
0 0.1157671875 0.464310546875 0.0113640625 0.4563203125 0.0092328125 0.52112890625 0.1136359375 0.525568359375 0.1157671875 0.464310546875
0 0.6882109375 0.63121484375 0.5973015625 0.629439453125 0.5951703125 0.688033203125 0.684659375 0.692470703125 0.6882109375 0.63121484375
0 0.700284375 0.3098359375 0.609375 0.3000703125 0.606534375 0.362216796875 0.69744375 0.37109375 0.700284375 0.3098359375