0 0.55165998828125 0.989760685546875 0.6420062080078125 0.989908150390625 0.6501608818359375 0.9318846298828125 0.5591106435546875 0.93163822265625 0.55165998828125 0.989760685546875
0 0.6632205908203125 0.8440682705078125 0.747817443359375 0.8443031474609375 0.7525800732421875 0.7849074736328125 0.6671557939453125 0.7854517431640625 0.6632205908203125 0.8440682705078125
0 0.214865607421875 0.8958095791015624 0.3174166728515625 0.89587751171875 0.3218460498046875 0.8337447587890625 0.2195420712890625 0.8319187138671875 0.214865607421875 0.8958095791015624
0 0.34496974609375 0.6334867138671875 0.44243640234375 0.639116 0.4488510615234375 0.578159666015625 0.3519650166015625 0.5735074130859374 0.34496974609375 0.6334867138671875
0 0.3585812041015625 0.5009229931640625 0.457082037109375 0.5093878671875 0.463164990234375 0.4456946708984375 0.3659454208984375 0.4383072724609375 0.3585812041015625 0.5009229931640625
0 0.4014823828125 0.1089027880859375 0.4970093154296875 0.12322562890625 0.5051639892578125 0.065202109375 0.40881090625 0.05166056640625 0.4014823828125 0.1089027880859375
0 0.0411479814453125 0.2079778896484375 0.1447821484375 0.2207498837890625 0.1531839091796875 0.160968251953125 0.047562640625 0.1470215556640625 0.0411479814453125 0.2079778896484375
0 0.0338293232421875 0.280463583984375 0.026710373046875 0.341322908203125 0.1301365146484375 0.350478017578125 0.13713178515625 0.2904987158203125 0.0338293232421875 0.280463583984375
0 0.010040396484375 0.47524962109375 0.1145395029296875 0.48186725390625 0.12095443359375 0.4209089853515625 0.0169495 0.4107751279296875 0.010040396484375 0.47524962109375
0 0.6143691201171875 0.3853620029296875 0.7046408583984375 0.3962560302734375 0.70964902734375 0.3351020263671875 0.62041328515625 0.3270418701171875 0.6143691201171875 0.3853620029296875
0 0.5804857353515624 0.71320604296875 0.6718694990234375 0.7161875966796875 0.6775819580078125 0.6551306025390625 0.5863218740234375 0.651269025390625 0.5804857353515624 0.71320604296875