0 0.3764203125 0.18199609375 0.379971875 0.183771484375 0.4723015625 0.194423828125 0.47088125 0.1340546875 0.3770988701171875 0.122681982421875 0.3764203125 0.18199609375
0 0.3742890625 0.1242890625 0.268465625 0.112748046875 0.2698859375 0.177556640625 0.370028125 0.187322265625 0.3742890625 0.1242890625
0 0.1186078125 0.5078125 0.015625 0.502486328125 0.0149140625 0.564630859375 0.114346875 0.5690703125 0.1186078125 0.5078125
0 0.3579546875 0.581498046875 0.3600859375 0.519353515625 0.2620734375 0.519353515625 0.2578125 0.5246796875 0.2578125 0.577947265625 0.3579546875 0.581498046875
0 0.4573859375 0.5832734375 0.4623578125 0.522904296875 0.364346875 0.522904296875 0.3607953125 0.52734375 0.3607953125 0.5788359375 0.4573859375 0.5832734375
0 0.4545453125 0.60901953125 0.36150625 0.604580078125 0.359375 0.6667265625 0.453125 0.668501953125 0.4545453125 0.60901953125
0 0.6946015625 0.54332421875 0.604403125 0.541548828125 0.6022734375 0.603693359375 0.692471875 0.601029296875 0.6946015625 0.54332421875
0 0.690340625 0.623224609375 0.6001421875 0.62144921875 0.5980109375 0.681818359375 0.6867890625 0.685369140625 0.690340625 0.623224609375
0 0.6875 0.6862578125 0.59943125 0.6862578125 0.59588125 0.7492890625 0.68536875 0.7492890625 0.6875 0.6862578125
0 0.682528125 0.810546875 0.6832390625 0.753728515625 0.5980109375 0.752841796875 0.5923296875 0.752841796875 0.5901984375 0.814986328125 0.682528125 0.810546875
0 0.796875 0.293857421875 0.7066765625 0.28675390625 0.70525625 0.3488984375 0.7933234375 0.35511328125 0.796875 0.293857421875
0 0.80255625 0.102095703125 0.7151984375 0.089666015625 0.715909375 0.15003515625 0.79900625 0.160689453125 0.80255625 0.102095703125