0 0.5666347666015625 0.069459140625 0.6576754384765625 0.07080181640625 0.65053465625 0.0126448154296875 0.560199623046875 0.011215498046875 0.5666347666015625 0.069459140625
0 0.6721121552734375 0.2175090029296875 0.7575139248046875 0.219544048828125 0.7537886181640625 0.160074302734375 0.66920055078125 0.158832724609375 0.6721121552734375 0.2175090029296875
0 0.22537756640625 0.163237173828125 0.3276978330078125 0.1631968564453125 0.3243534970703125 0.100996263671875 0.2218168642578125 0.099274423828125 0.22537756640625 0.163237173828125
0 0.3532704443359375 0.4239202158203125 0.45022292578125 0.4209595654296875 0.444873078125 0.359900564453125 0.3473230224609375 0.3638279658203125 0.3532704443359375 0.4239202158203125
0 0.3648891513671875 0.5593437568359375 0.462222841796875 0.5536541982421875 0.4572524140625 0.489864541015625 0.3586188505859375 0.496609048828125 0.3648891513671875 0.5593437568359375
0 0.4010001923828125 0.9466796806640625 0.4975749326171875 0.93482179296875 0.4904341513671875 0.8766647919921875 0.3946717998046875 0.8893182763671875 0.4010001923828125 0.9466796806640625
0 0.0414712255859375 0.8450285634765625 0.1473198115234375 0.8329273369140625 0.1399626640625 0.7730081787109375 0.0361213779296875 0.7839695615234376 0.0414712255859375 0.8450285634765625
0 0.13353075 0.703136453125 0.127583328125 0.6430442021484375 0.02401316015625 0.650392880859375 0.0300688837890625 0.7113671796875 0.13353075 0.703136453125
0 0.0154658828125 0.5807808896484375 0.1196318359375 0.5724637109375 0.11428175 0.511402771484375 0.0096830654296875 0.516195634765625 0.0154658828125 0.5807808896484375
0 0.61737641015625 0.6750332890625 0.70673923046875 0.6685317392578125 0.7027991083984375 0.60729964453125 0.6123509921875 0.6166165537109375 0.61737641015625 0.6750332890625
0 0.5889487353515624 0.3502605380859375 0.680262314453125 0.3479922578125 0.67561631640625 0.2868448662109375 0.584194435546875 0.2882310986328125 0.5889487353515624 0.3502605380859375