0 0.52911875 0.8659453125 0.6229011298828125 0.877318017578125 0.6235796875 0.81800390625 0.620028125 0.816228515625 0.5276984375 0.805576171875 0.52911875 0.8659453125
0 0.6257109375 0.8757109375 0.731534375 0.887251953125 0.7301140625 0.822443359375 0.629971875 0.812677734375 0.6257109375 0.8757109375
0 0.8813921875 0.4921875 0.984375 0.497513671875 0.9850859375 0.435369140625 0.885653125 0.4309296875 0.8813921875 0.4921875
0 0.7421875 0.4753203125 0.7421875 0.422052734375 0.6420453125 0.418501953125 0.6399140625 0.480646484375 0.7379265625 0.480646484375 0.7421875 0.4753203125
0 0.6392046875 0.47265625 0.6392046875 0.4211640625 0.5426140625 0.4167265625 0.5376421875 0.477095703125 0.635653125 0.477095703125 0.6392046875 0.47265625
0 0.5454546875 0.39098046875 0.63849375 0.395419921875 0.640625 0.3332734375 0.546875 0.331498046875 0.5454546875 0.39098046875
0 0.3053984375 0.45667578125 0.395596875 0.458451171875 0.3977265625 0.396306640625 0.307528125 0.398970703125 0.3053984375 0.45667578125
0 0.309659375 0.376775390625 0.3998578125 0.37855078125 0.4019890625 0.318181640625 0.3132109375 0.314630859375 0.309659375 0.376775390625
0 0.3125 0.3137421875 0.40056875 0.3137421875 0.40411875 0.2507109375 0.31463125 0.2507109375 0.3125 0.3137421875
0 0.4076703125 0.247158203125 0.4098015625 0.185013671875 0.317471875 0.189453125 0.3167609375 0.246271484375 0.4019890625 0.247158203125 0.4076703125 0.247158203125
0 0.203125 0.706142578125 0.2933234375 0.71324609375 0.29474375 0.6511015625 0.2066765625 0.64488671875 0.203125 0.706142578125
0 0.19744375 0.897904296875 0.2848015625 0.910333984375 0.284090625 0.84996484375 0.20099375 0.839310546875 0.19744375 0.897904296875